# Try plotting like: gnuplot> p "potential.dat" u 1:2, "" u 1:(0.1*$3) w l 
# Potential and probability density at T=300.000000# theta U(theta) probability(theta)0.000000 -0.106943 0.008254
1.000000 -0.105489 0.007802
2.000000 -0.106618 0.008151
3.000000 -0.104870 0.007618
4.000000 -0.098182 0.005881
5.000000 -0.086600 0.003758
6.000000 -0.071347 0.002083
7.000000 -0.054174 0.001072
8.000000 -0.036930 0.000550
9.000000 -0.021287 0.000300
10.000000 -0.008591 0.000184
11.000000 0.000204 0.000131
12.000000 0.004549 0.000111
13.000000 0.004267 0.000112
14.000000 -0.000501 0.000134
15.000000 -0.009360 0.000189
16.000000 -0.021727 0.000306
17.000000 -0.036900 0.000550
18.000000 -0.054113 0.001069
19.000000 -0.072593 0.002186
20.000000 -0.091596 0.004559
21.000000 -0.110441 0.009450
22.000000 -0.128535 0.019028
23.000000 -0.145386 0.036515
24.000000 -0.160609 0.065798
25.000000 -0.173929 0.110148
26.000000 -0.185176 0.170180
27.000000 -0.194275 0.241973
28.000000 -0.201239 0.316778
29.000000 -0.206153 0.383093
30.000000 -0.209161 0.430374
31.000000 -0.210455 0.452454
32.000000 -0.210255 0.448973
33.000000 -0.208803 0.424458
34.000000 -0.206349 0.386011
35.000000 -0.203137 0.340918
36.000000 -0.199404 0.295079
37.000000 -0.195367 0.252413
38.000000 -0.191219 0.214994
39.000000 -0.187127 0.183521
40.000000 -0.183229 0.157833
41.000000 -0.179632 0.137331
42.000000 -0.176413 0.121254
43.000000 -0.173621 0.108843
44.000000 -0.171279 0.099415
45.000000 -0.169384 0.092389
46.000000 -0.167914 0.087281
47.000000 -0.166828 0.083692
48.000000 -0.166074 0.081285
49.000000 -0.165586 0.079766
50.000000 -0.165295 0.078874
51.000000 -0.165127 0.078363
52.000000 -0.165008 0.078002
53.000000 -0.164866 0.077574
54.000000 -0.164634 0.076882
55.000000 -0.164253 0.075757
56.000000 -0.163671 0.074070
57.000000 -0.162846 0.071743
58.000000 -0.161745 0.068753
59.000000 -0.160348 0.065135
60.000000 -0.158642 0.060977
61.000000 -0.156628 0.056407
62.000000 -0.154314 0.051577
63.000000 -0.151718 0.046649
64.000000 -0.148865 0.041774
65.000000 -0.145787 0.037085
66.000000 -0.142521 0.032685
67.000000 -0.139110 0.028645
68.000000 -0.135599 0.025006
69.000000 -0.132032 0.021784
70.000000 -0.128458 0.018971
71.000000 -0.124922 0.016546
72.000000 -0.121468 0.014477
73.000000 -0.118138 0.012727
74.000000 -0.114969 0.011259
75.000000 -0.111995 0.010035
76.000000 -0.109245 0.009023
77.000000 -0.106743 0.008190
78.000000 -0.104508 0.007512
79.000000 -0.102553 0.006965
80.000000 -0.100886 0.006530
81.000000 -0.099510 0.006191
82.000000 -0.098422 0.005936
83.000000 -0.097617 0.005754
84.000000 -0.097084 0.005637
85.000000 -0.096809 0.005577
86.000000 -0.096774 0.005570
87.000000 -0.096960 0.005610
88.000000 -0.097347 0.005694
89.000000 -0.097911 0.005820
90.000000 -0.098630 0.005984
91.000000 -0.099481 0.006184
92.000000 -0.100441 0.006418
93.000000 -0.101488 0.006684
94.000000 -0.102603 0.006978
95.000000 -0.103768 0.007300
96.000000 -0.104966 0.007646
97.000000 -0.106183 0.008015
98.000000 -0.107409 0.008404
99.000000 -0.108634 0.008812
100.000000 -0.109852 0.009237
101.000000 -0.111060 0.009679
102.000000 -0.112257 0.010137
103.000000 -0.113443 0.010613
104.000000 -0.114624 0.011109
105.000000 -0.115803 0.011628
106.000000 -0.116988 0.012173
107.000000 -0.118186 0.012751
108.000000 -0.119407 0.013367
109.000000 -0.120661 0.014032
110.000000 -0.121956 0.014753
111.000000 -0.123303 0.015541
112.000000 -0.124710 0.016411
113.000000 -0.126186 0.017375
114.000000 -0.127736 0.018449
115.000000 -0.129367 0.019650
116.000000 -0.131081 0.020997
117.000000 -0.132881 0.022511
118.000000 -0.134765 0.024213
119.000000 -0.136730 0.026125
120.000000 -0.138771 0.028271
121.000000 -0.140879 0.030672
122.000000 -0.143043 0.033351
123.000000 -0.145251 0.036325
124.000000 -0.147488 0.039607
125.000000 -0.149734 0.043203
126.000000 -0.151970 0.047107
127.000000 -0.154175 0.051300
128.000000 -0.156325 0.055748
129.000000 -0.158394 0.060393
130.000000 -0.160357 0.065158
131.000000 -0.162187 0.069938
132.000000 -0.163857 0.074604
133.000000 -0.165339 0.079006
134.000000 -0.166606 0.082976
135.000000 -0.167632 0.086336
136.000000 -0.168392 0.088910
137.000000 -0.168860 0.090535
138.000000 -0.169015 0.091079
139.000000 -0.168835 0.090448
140.000000 -0.168303 0.088603
141.000000 -0.167401 0.085567
142.000000 -0.166118 0.081423
143.000000 -0.164442 0.076313
144.000000 -0.162367 0.070426
145.000000 -0.159888 0.063987
146.000000 -0.157006 0.057236
147.000000 -0.153722 0.050409
148.000000 -0.150044 0.043723
149.000000 -0.145980 0.037364
150.000000 -0.141546 0.031474
151.000000 -0.136756 0.026151
152.000000 -0.131631 0.021448
153.000000 -0.126194 0.017380
154.000000 -0.120470 0.013928
155.000000 -0.114488 0.011051
156.000000 -0.108279 0.008692
157.000000 -0.101877 0.006785
158.000000 -0.095315 0.005264
159.000000 -0.088631 0.004065
160.000000 -0.081864 0.003129
161.000000 -0.075051 0.002404
162.000000 -0.068234 0.001847
163.000000 -0.061451 0.001420
164.000000 -0.054743 0.001096
165.000000 -0.048151 0.000849
166.000000 -0.041712 0.000662
167.000000 -0.035467 0.000520
168.000000 -0.029451 0.000412
169.000000 -0.023701 0.000330
170.000000 -0.018251 0.000267
171.000000 -0.013131 0.000219
172.000000 -0.008373 0.000182
173.000000 -0.004002 0.000154
174.000000 -0.000044 0.000132
175.000000 0.003480 0.000115
176.000000 0.006552 0.000102
177.000000 0.009154 0.000093
178.000000 0.011276 0.000085
179.000000 0.012907 0.000080
180.000000 0.014042 0.000077
181.000000 0.014677 0.000075
182.000000 0.014814 0.000074
183.000000 0.014454 0.000075
184.000000 0.013606 0.000078
185.000000 0.012279 0.000082
186.000000 0.010485 0.000088
187.000000 0.008239 0.000096
188.000000 0.005560 0.000106
189.000000 0.002469 0.000120
190.000000 -0.001013 0.000137
191.000000 -0.004861 0.000159
192.000000 -0.009047 0.000187
193.000000 -0.013544 0.000223
194.000000 -0.018321 0.000268
195.000000 -0.023348 0.000325
196.000000 -0.028592 0.000398
197.000000 -0.034020 0.000492
198.000000 -0.039600 0.000610
199.000000 -0.045297 0.000760
200.000000 -0.051078 0.000951
201.000000 -0.056909 0.001192
202.000000 -0.062758 0.001494
203.000000 -0.068591 0.001872
204.000000 -0.074376 0.002342
205.000000 -0.080084 0.002920
206.000000 -0.085684 0.003627
207.000000 -0.091149 0.004481
208.000000 -0.096452 0.005501
209.000000 -0.101568 0.006704
210.000000 -0.106474 0.008105
211.000000 -0.111148 0.009712
212.000000 -0.115573 0.011525
213.000000 -0.119730 0.013535
214.000000 -0.123606 0.015725
215.000000 -0.127188 0.018062
216.000000 -0.130466 0.020503
217.000000 -0.133432 0.022996
218.000000 -0.136081 0.025477
219.000000 -0.138410 0.027879
220.000000 -0.140417 0.030130
221.000000 -0.142105 0.032163
222.000000 -0.143477 0.033915
223.000000 -0.144538 0.035337
224.000000 -0.145297 0.036390
225.000000 -0.145763 0.037051
226.000000 -0.145947 0.037316
227.000000 -0.145862 0.037194
228.000000 -0.145523 0.036709
229.000000 -0.144945 0.035897
230.000000 -0.144145 0.034804
231.000000 -0.143141 0.033478
232.000000 -0.141951 0.031972
233.000000 -0.140595 0.030337
234.000000 -0.139091 0.028623
235.000000 -0.137461 0.026874
236.000000 -0.135722 0.025126
237.000000 -0.133897 0.023413
238.000000 -0.132002 0.021759
239.000000 -0.130058 0.020182
240.000000 -0.128083 0.018698
241.000000 -0.126094 0.017313
242.000000 -0.124107 0.016032
243.000000 -0.122138 0.014857
244.000000 -0.120202 0.013785
245.000000 -0.118311 0.012813
246.000000 -0.116478 0.011935
247.000000 -0.114713 0.011148
248.000000 -0.113024 0.010443
249.000000 -0.111420 0.009815
250.000000 -0.109908 0.009257
251.000000 -0.108492 0.008763
252.000000 -0.107176 0.008329
253.000000 -0.105963 0.007947
254.000000 -0.104854 0.007613
255.000000 -0.103850 0.007323
256.000000 -0.102950 0.007073
257.000000 -0.102154 0.006858
258.000000 -0.101459 0.006676
259.000000 -0.100863 0.006524
260.000000 -0.100364 0.006399
261.000000 -0.099959 0.006300
262.000000 -0.099646 0.006224
263.000000 -0.099421 0.006170
264.000000 -0.099282 0.006137
265.000000 -0.099228 0.006124
266.000000 -0.099257 0.006131
267.000000 -0.099368 0.006157
268.000000 -0.099561 0.006203
269.000000 -0.099836 0.006270
270.000000 -0.100196 0.006358
271.000000 -0.100641 0.006468
272.000000 -0.101176 0.006604
273.000000 -0.101804 0.006766
274.000000 -0.102529 0.006958
275.000000 -0.103357 0.007185
276.000000 -0.104292 0.007449
277.000000 -0.105340 0.007758
278.000000 -0.106507 0.008116
279.000000 -0.107800 0.008532
280.000000 -0.109222 0.009015
281.000000 -0.110781 0.009575
282.000000 -0.112479 0.010225
283.000000 -0.114320 0.010980
284.000000 -0.116307 0.011857
285.000000 -0.118441 0.012877
286.000000 -0.120722 0.014065
287.000000 -0.123148 0.015448
288.000000 -0.125714 0.017061
289.000000 -0.128416 0.018940
290.000000 -0.131246 0.021132
291.000000 -0.134195 0.023685
292.000000 -0.137252 0.026657
293.000000 -0.140403 0.030113
294.000000 -0.143634 0.034122
295.000000 -0.146929 0.038761
296.000000 -0.150271 0.044109
297.000000 -0.153641 0.050252
298.000000 -0.157021 0.057270
299.000000 -0.160392 0.065246
300.000000 -0.163734 0.074250
301.000000 -0.167029 0.084343
302.000000 -0.170259 0.095569
303.000000 -0.173409 0.107951
304.000000 -0.176463 0.121489
305.000000 -0.179409 0.136155
306.000000 -0.182238 0.151897
307.000000 -0.184941 0.168639
308.000000 -0.187514 0.186287
309.000000 -0.189955 0.204735
310.000000 -0.192265 0.223873
311.000000 -0.194448 0.243601
312.000000 -0.196511 0.263833
313.000000 -0.198461 0.284510
314.000000 -0.200310 0.305602
315.000000 -0.202069 0.327112
316.000000 -0.203749 0.349075
317.000000 -0.205362 0.371553
318.000000 -0.206919 0.394622
319.000000 -0.208429 0.418356
320.000000 -0.209898 0.442808
321.000000 -0.211327 0.467985
322.000000 -0.212716 0.493814
323.000000 -0.214057 0.520115
324.000000 -0.215339 0.546558
325.000000 -0.216545 0.572638
326.000000 -0.217650 0.597647
327.000000 -0.218627 0.620665
328.000000 -0.219443 0.640575
329.000000 -0.220062 0.656111
330.000000 -0.220447 0.665946
331.000000 -0.220558 0.668823
332.000000 -0.220360 0.663707
333.000000 -0.219819 0.649957
334.000000 -0.218909 0.627471
335.000000 -0.217612 0.596770
336.000000 -0.215922 0.559006
337.000000 -0.213845 0.515856
338.000000 -0.211402 0.469346
339.000000 -0.208629 0.421606
340.000000 -0.205576 0.374635
341.000000 -0.202304 0.330098
342.000000 -0.198884 0.289203
343.000000 -0.195393 0.252665
344.000000 -0.191900 0.220732
345.000000 -0.188465 0.193268
346.000000 -0.185124 0.169842
347.000000 -0.181883 0.149827
348.000000 -0.178701 0.132474
349.000000 -0.175487 0.116988
350.000000 -0.172096 0.102607
351.000000 -0.168333 0.088708
352.000000 -0.163971 0.074934
353.000000 -0.158789 0.061323
354.000000 -0.152638 0.048338
355.000000 -0.145545 0.036741
356.000000 -0.137874 0.027307
357.000000 -0.130547 0.020567
358.000000 -0.125372 0.016836
359.000000 -0.125482 0.016908
360.000000 -0.135928 0.025326
